   2.0000000e+00   1.0000000e-01   1.0000000e-01   1.0000000e-01   0.0000000e+00
   2.0003003e+00   1.0068972e-01   2.0121715e-02   1.7589246e-01   0.0000000e+00
   2.0002012e+00   1.0175901e-01  -5.9765105e-02   2.5183318e-01   0.0000000e+00
   1.9997026e+00   1.0320816e-01  -1.3967658e-01   3.2784249e-01   0.0000000e+00
   1.9988044e+00   1.0503758e-01  -2.1962866e-01   4.0394012e-01   0.0000000e+00
   1.9975062e+00   1.0724774e-01  -2.9963707e-01   4.8014487e-01   0.0000000e+00
   1.9958079e+00   1.0983923e-01  -3.7971713e-01   5.5647428e-01   0.0000000e+00
   1.9937089e+00   1.1281272e-01  -4.5988372e-01   6.3294431e-01   0.0000000e+00
   1.9912089e+00   1.1616893e-01  -5.4015112e-01   7.0956898e-01   0.0000000e+00
   1.9883072e+00   1.1990869e-01  -6.2053297e-01   7.8636005e-01   0.0000000e+00
   1.9850033e+00   1.2403283e-01  -7.0104208e-01   8.6332667e-01   0.0000000e+00
   1.9812966e+00   1.2854226e-01  -7.8169038e-01   9.4047505e-01   0.0000000e+00
   1.9771862e+00   1.3343789e-01  -8.6248880e-01   1.0178081e+00   0.0000000e+00
   1.9726714e+00   1.3872064e-01  -9.4344715e-01   1.0953250e+00   0.0000000e+00
   1.9677514e+00   1.4439143e-01  -1.0245740e+00   1.1730210e+00   0.0000000e+00
   1.9624254e+00   1.5045114e-01  -1.1058766e+00   1.2508870e+00   0.0000000e+00
   1.9566924e+00   1.5690057e-01  -1.1873608e+00   1.3289092e+00   0.0000000e+00
   1.9505515e+00   1.6374046e-01  -1.2690309e+00   1.4070685e+00   0.0000000e+00
   1.9440017e+00   1.7097144e-01  -1.3508893e+00   1.4853408e+00   0.0000000e+00
   1.9370422e+00   1.7859400e-01  -1.4329370e+00   1.5636958e+00   0.0000000e+00
   1.9296721e+00   1.8660848e-01  -1.5151728e+00   1.6420974e+00   0.0000000e+00
   1.9218902e+00   1.9501498e-01  -1.5975938e+00   1.7205031e+00   0.0000000e+00
   1.9136958e+00   2.0381343e-01  -1.6801950e+00   1.7988635e+00   0.0000000e+00
   1.9050880e+00   2.1300345e-01  -1.7629691e+00   1.8771223e+00   0.0000000e+00
   1.8960658e+00   2.2258438e-01  -1.8459067e+00   1.9552160e+00   0.0000000e+00
   1.8866287e+00   2.3255522e-01  -1.9289961e+00   2.0330736e+00   0.0000000e+00
   1.8767757e+00   2.4291459e-01  -2.0122232e+00   2.1106165e+00   0.0000000e+00
   1.8665062e+00   2.5366071e-01  -2.0955718e+00   2.1877581e+00   0.0000000e+00
   1.8558198e+00   2.6479135e-01  -2.1790228e+00   2.2644040e+00   0.0000000e+00
   1.8447159e+00   2.7630376e-01  -2.2625550e+00   2.3404519e+00   0.0000000e+00
   1.8331941e+00   2.8819469e-01  -2.3461448e+00   2.4157913e+00   0.0000000e+00
   1.8212544e+00   3.0046029e-01  -2.4297659e+00   2.4903038e+00   0.0000000e+00
   1.8088965e+00   3.1309614e-01  -2.5133900e+00   2.5638633e+00   0.0000000e+00
   1.7961205e+00   3.2609712e-01  -2.5969862e+00   2.6363359e+00   0.0000000e+00
   1.7829267e+00   3.3945745e-01  -2.6805213e+00   2.7075804e+00   0.0000000e+00
   1.7693154e+00   3.5317063e-01  -2.7639602e+00   2.7774484e+00   0.0000000e+00
   1.7552873e+00   3.6722938e-01  -2.8472656e+00   2.8457848e+00   0.0000000e+00
   1.7408431e+00   3.8162565e-01  -2.9303981e+00   2.9124282e+00   0.0000000e+00
   1.7259837e+00   3.9635056e-01  -3.0133169e+00   2.9772116e+00   0.0000000e+00
   1.7107103e+00   4.1139438e-01  -3.0959791e+00   3.0399626e+00   0.0000000e+00
   1.6950244e+00   4.2674651e-01  -3.1783406e+00   3.1005044e+00   0.0000000e+00
   1.6789275e+00   4.4239544e-01  -3.2603559e+00   3.1586563e+00   0.0000000e+00
   1.6624215e+00   4.5832878e-01  -3.3419784e+00   3.2142345e+00   0.0000000e+00
   1.6455085e+00   4.7453319e-01  -3.4231604e+00   3.2670528e+00   0.0000000e+00
   1.6281907e+00   4.9099439e-01  -3.5038534e+00   3.3169233e+00   0.0000000e+00
   1.6104708e+00   5.0769719e-01  -3.5840085e+00   3.3636575e+00   0.0000000e+00
   1.5923516e+00   5.2462543e-01  -3.6635758e+00   3.4070669e+00   0.0000000e+00
   1.5738361e+00   5.4176201e-01  -3.7425052e+00   3.4469636e+00   0.0000000e+00
   1.5549277e+00   5.5908890e-01  -3.8207465e+00   3.4831614e+00   0.0000000e+00
   1.5356299e+00   5.7658715e-01  -3.8982488e+00   3.5154764e+00   0.0000000e+00
   1.5159465e+00   5.9423689e-01  -3.9749613e+00   3.5437278e+00   0.0000000e+00
   1.4958817e+00   6.1201736e-01  -4.0508328e+00   3.5677383e+00   0.0000000e+00
   1.4754397e+00   6.2990692e-01  -4.1258117e+00   3.5873350e+00   0.0000000e+00
   1.4546251e+00   6.4788307e-01  -4.1998464e+00   3.6023496e+00   0.0000000e+00
   1.4334429e+00   6.6592250e-01  -4.2728843e+00   3.6126193e+00   0.0000000e+00
   1.4118980e+00   6.8400109e-01  -4.3448725e+00   3.6179868e+00   0.0000000e+00
   1.3899960e+00   7.0209395e-01  -4.4157571e+00   3.6183008e+00   0.0000000e+00
   1.3677424e+00   7.2017544e-01  -4.4854831e+00   3.6134163e+00   0.0000000e+00
   1.3451432e+00   7.3821922e-01  -4.5539941e+00   3.6031947e+00   0.0000000e+00
   1.3222046e+00   7.5619827e-01  -4.6212318e+00   3.5875039e+00   0.0000000e+00
   1.2989331e+00   7.7408493e-01  -4.6871362e+00   3.5662188e+00   0.0000000e+00
   1.2753356e+00   7.9185094e-01  -4.7516445e+00   3.5392206e+00   0.0000000e+00
   1.2514191e+00   8.0946743e-01  -4.8146914e+00   3.5063975e+00   0.0000000e+00
   1.2271912e+00   8.2690503e-01  -4.8762083e+00   3.4676443e+00   0.0000000e+00
   1.2026597e+00   8.4413382e-01  -4.9361228e+00   3.4228625e+00   0.0000000e+00
   1.1778328e+00   8.6112345e-01  -4.9943590e+00   3.3719601e+00   0.0000000e+00
   1.1527190e+00   8.7784308e-01  -5.0508361e+00   3.3148518e+00   0.0000000e+00
   1.1273275e+00   8.9426149e-01  -5.1054691e+00   3.2514585e+00   0.0000000e+00
   1.1016675e+00   9.1034707e-01  -5.1581676e+00   3.1817077e+00   0.0000000e+00
   1.0757492e+00   9.2606786e-01  -5.2088359e+00   3.1055332e+00   0.0000000e+00
   1.0495827e+00   9.4139160e-01  -5.2573730e+00   3.0228752e+00   0.0000000e+00
   1.0231792e+00   9.5628572e-01  -5.3036718e+00   2.9336802e+00   0.0000000e+00
   9.9654994e-01   9.7071742e-01  -5.3476193e+00   2.8379012e+00   0.0000000e+00
   9.6970710e-01   9.8465369e-01  -5.3890965e+00   2.7354975e+00   0.0000000e+00
   9.4266330e-01   9.9806130e-01  -5.4279786e+00   2.6264350e+00   0.0000000e+00
   9.1543186e-01   1.0109069e+00  -5.4641343e+00   2.5106864e+00   0.0000000e+00
   8.8802673e-01   1.0231570e+00  -5.4974271e+00   2.3882310e+00   0.0000000e+00
   8.6046260e-01   1.0347780e+00  -5.5277143e+00   2.2590551e+00   0.0000000e+00
   8.3275484e-01   1.0457363e+00  -5.5548484e+00   2.1231523e+00   0.0000000e+00
   8.0491962e-01   1.0559983e+00  -5.5786769e+00   1.9805233e+00   0.0000000e+00
   7.7697384e-01   1.0655304e+00  -5.5990429e+00   1.8311766e+00   0.0000000e+00
   7.4893523e-01   1.0742989e+00  -5.6157860e+00   1.6751283e+00   0.0000000e+00
   7.2082230e-01   1.0822705e+00  -5.6287426e+00   1.5124024e+00   0.0000000e+00
   6.9265439e-01   1.0894119e+00  -5.6377473e+00   1.3430311e+00   0.0000000e+00
   6.6445169e-01   1.0956898e+00  -5.6426332e+00   1.1670551e+00   0.0000000e+00
   6.3623520e-01   1.1010715e+00  -5.6432335e+00   9.8452325e-01   0.0000000e+00
   6.0802677e-01   1.1055242e+00  -5.6393822e+00   7.9549341e-01   0.0000000e+00
   5.7984907e-01   1.1090157e+00  -5.6309157e+00   6.0003199e-01   0.0000000e+00
   5.5172557e-01   1.1115139e+00  -5.6176738e+00   3.9821435e-01   0.0000000e+00
   5.2368055e-01   1.1129874e+00  -5.5995012e+00   1.9012478e-01   0.0000000e+00
   4.9573903e-01   1.1134049e+00  -5.5762492e+00  -2.4143418e-02   0.0000000e+00
   4.6792676e-01   1.1127358e+00  -5.5477769e+00  -2.4448791e-01   0.0000000e+00
   4.4027018e-01   1.1109501e+00  -5.5139530e+00  -4.7079728e-01   0.0000000e+00
   4.1279635e-01   1.1080181e+00  -5.4746575e+00  -7.0295099e-01   0.0000000e+00
   3.8553290e-01   1.1039110e+00  -5.4297832e+00  -9.4081934e-01   0.0000000e+00
   3.5850797e-01   1.0986006e+00  -5.3792376e+00  -1.1842633e+00   0.0000000e+00
   3.3175011e-01   1.0920594e+00  -5.3229448e+00  -1.4331346e+00   0.0000000e+00
   3.0528820e-01   1.0842605e+00  -5.2608469e+00  -1.6872749e+00   0.0000000e+00
   2.7915138e-01   1.0751781e+00  -5.1929060e+00  -1.9465160e+00   0.0000000e+00
   2.5336891e-01   1.0647871e+00  -5.1191063e+00  -2.2106789e+00   0.0000000e+00
